"time","q",,
1e-06,-3.5584,-1.9402,
0.010001,-3.5584,-1.9402,
0.020001,-3.559,-1.9393,
0.030001,-3.5605,-1.9371,
0.040001,-3.5636,-1.9328,
0.050001,-3.5685,-1.9256,
0.060001,-3.576,-1.9148,
0.070001,-3.5863,-1.8996,
0.080001,-3.6002,-1.8792,
0.090001,-3.6179,-1.8529,
0.1,-3.6401,-1.8196,
0.11,-3.6671,-1.7788,
0.12,-3.6983,-1.731,
0.13,-3.733,-1.6772,
0.14,-3.7704,-1.6183,
0.15,-3.8098,-1.5554,
0.16,-3.8506,-1.4895,
0.17,-3.8921,-1.4219,
0.18,-3.9298,-1.3598,
0.19,-3.9422,-1.3392,
0.2,-3.9285,-1.3619,
0.21,-3.8933,-1.4198,
0.22,-3.8425,-1.5027,
0.23,-3.7815,-1.6007,
0.24,-3.7149,-1.7053,
0.25,-3.6467,-1.8098,
0.26,-3.5803,-1.9084,
0.27,-3.5194,-1.9959,
0.28,-3.4677,-2.0677,
0.29,-3.4297,-2.1189,
0.3,-3.4102,-2.1446,
0.31,-3.4126,-2.1414,
0.32,-3.434,-2.1132,
0.33,-3.4695,-2.0652,
0.34,-3.5146,-2.0027,
0.35,-3.5648,-1.9309,
0.36,-3.6162,-1.8555,
0.37,-3.6649,-1.7822,
0.38,-3.7068,-1.7178,
0.39,-3.7378,-1.6696,
0.4,-3.7532,-1.6454,
0.41,-3.7489,-1.6522,
0.42,-3.722,-1.6943,
0.43,-3.6738,-1.7687,
0.44,-3.6237,-1.8443,
0.45,-3.5764,-1.9141,
0.46,-3.5332,-1.9763,
0.47,-3.4956,-2.0292,
0.48,-3.4653,-2.071,
0.49,-3.444,-2.0998,
0.5,-3.4336,-2.1137,
0.51,-3.4354,-2.1113,
0.52,-3.4482,-2.0941,
0.53,-3.4702,-2.0642,
0.54,-3.4997,-2.0236,
0.55,-3.5348,-1.9741,
0.56,-3.5739,-1.9178,
0.57,-3.6155,-1.8565,
0.58,-3.6557,-1.7961,
0.59,-3.6793,-1.7602,
0.6,-3.6852,-1.7511,
0.61,-3.6753,-1.7664,
0.62,-3.6526,-1.8009,
0.63,-3.6204,-1.8492,
0.64,-3.582,-1.9059,
0.65,-3.5405,-1.966,
0.66,-3.4989,-2.0246,
0.67,-3.4605,-2.0775,
0.68,-3.4285,-2.1205,
0.69,-3.4065,-2.1494,
0.7,-3.3983,-2.1601,
0.71,-3.4062,-2.1498,
0.72,-3.4279,-2.1212,
0.73,-3.4597,-2.0786,
0.74,-3.4979,-2.026,
0.75,-3.5392,-1.9678,
0.76,-3.5805,-1.9082,
0.77,-3.6186,-1.8519,
0.78,-3.6505,-1.804,
0.79,-3.673,-1.7698,
0.8,-3.6827,-1.755,
0.81,-3.6765,-1.7644,
0.82,-3.6527,-1.8007,
0.83,-3.6123,-1.8613,
0.84,-3.5705,-1.9227,
0.85,-3.5312,-1.9791,
0.86,-3.496,-2.0286,
0.87,-3.4666,-2.0692,
0.88,-3.4446,-2.099,
0.89,-3.4319,-2.1159,
0.9,-3.4304,-2.1179,
0.91,-3.4412,-2.1035,
0.92,-3.463,-2.0741,
0.93,-3.494,-2.0315,
0.94,-3.5323,-1.9777,
0.95,-3.5762,-1.9144,
0.96,-3.6243,-1.8434,
0.97,-3.6752,-1.7664,
0.98,-3.7242,-1.6909,
0.99,-3.7506,-1.6495,
1,-3.7533,-1.6453,
1.01,-3.7353,-1.6736,
1.02,-3.7011,-1.7267,
1.03,-3.6556,-1.7964,
1.04,-3.6031,-1.8749,
1.05,-3.5479,-1.9553,
1.06,-3.4941,-2.0314,
1.07,-3.4457,-2.0974,
1.08,-3.4076,-2.148,
1.09,-3.3848,-2.1775,
1.1,-3.3825,-2.1804,
1.11,-3.404,-2.1526,
1.12,-3.4455,-2.0978,
1.13,-3.5015,-2.021,
1.14,-3.5674,-1.9273,
1.15,-3.639,-1.8214,
1.16,-3.7128,-1.7086,
1.17,-3.7851,-1.5948,
1.18,-3.8522,-1.4871,
1.19,-3.9089,-1.3942,
1.2,-3.9495,-1.3271,
1.21,-3.9675,-1.2972,
1.22,-3.9575,-1.3137,
1.23,-3.9203,-1.3754,
1.24,-3.8792,-1.443,
1.25,-3.8388,-1.5087,
1.26,-3.8,-1.5711,
1.27,-3.7635,-1.6292,
1.28,-3.7299,-1.6819,
1.29,-3.7,-1.7284,
1.3,-3.6745,-1.7676,
1.31,-3.654,-1.7988,
1.32,-3.638,-1.8229,
1.33,-3.626,-1.8408,
1.34,-3.6175,-1.8536,
1.35,-3.6118,-1.8621,
1.36,-3.6084,-1.8671,
1.37,-3.6067,-1.8696,

