"time","q",,
1e-06,-3.14,-2.4574,
0.010001,-3.1401,-2.4574,
0.020001,-3.1402,-2.4573,
0.030001,-3.1403,-2.4572,
0.040001,-3.1406,-2.4569,
0.050001,-3.1409,-2.4567,
0.060001,-3.1412,-2.4563,
0.070001,-3.1416,-2.4559,
0.080001,-3.1421,-2.4554,
0.090001,-3.1427,-2.4548,
0.1,-3.1433,-2.4542,
0.11,-3.144,-2.4535,
0.12,-3.1448,-2.4527,
0.13,-3.1456,-2.4519,
0.14,-3.1465,-2.451,
0.15,-3.1475,-2.45,
0.16,-3.1485,-2.449,
0.17,-3.1496,-2.4479,
0.18,-3.1508,-2.4467,
0.19,-3.152,-2.4454,
0.2,-3.1533,-2.4441,
0.21,-3.1547,-2.4427,
0.22,-3.1562,-2.4412,
0.23,-3.1577,-2.4396,
0.24,-3.1593,-2.438,
0.25,-3.161,-2.4363,
0.26,-3.1628,-2.4345,
0.27,-3.1646,-2.4326,
0.28,-3.1665,-2.4306,
0.29,-3.1685,-2.4286,
0.3,-3.1706,-2.4265,
0.31,-3.1727,-2.4242,
0.32,-3.1749,-2.4219,
0.33,-3.1772,-2.4196,
0.34,-3.1796,-2.4171,
0.35,-3.182,-2.4145,
0.36,-3.1845,-2.4119,
0.37,-3.1871,-2.4091,
0.38,-3.1898,-2.4063,
0.39,-3.1925,-2.4034,
0.4,-3.1954,-2.4004,
0.41,-3.1983,-2.3973,
0.42,-3.2012,-2.3941,
0.43,-3.2043,-2.3908,
0.44,-3.2074,-2.3875,
0.45,-3.2106,-2.384,
0.46,-3.2139,-2.3804,
0.47,-3.2172,-2.3768,
0.48,-3.2207,-2.373,
0.49,-3.2242,-2.3692,
0.5,-3.2277,-2.3653,
0.51,-3.2314,-2.3613,
0.52,-3.2351,-2.3571,
0.53,-3.2388,-2.3529,
0.54,-3.2427,-2.3486,
0.55,-3.2466,-2.3442,
0.56,-3.2506,-2.3397,
0.57,-3.2547,-2.3351,
0.58,-3.2588,-2.3304,
0.59,-3.263,-2.3256,
0.6,-3.2673,-2.3207,
0.61,-3.2716,-2.3156,
0.62,-3.276,-2.3105,
0.63,-3.2805,-2.3053,
0.64,-3.2851,-2.3,
0.65,-3.2897,-2.2946,
0.66,-3.2944,-2.289,
0.67,-3.2991,-2.2834,
0.68,-3.304,-2.2776,
0.69,-3.3089,-2.2718,
0.7,-3.3138,-2.2658,
0.71,-3.3189,-2.2597,
0.72,-3.324,-2.2535,
0.73,-3.3292,-2.2472,
0.74,-3.3344,-2.2408,
0.75,-3.3397,-2.2342,
0.76,-3.3451,-2.2275,
0.77,-3.3506,-2.2207,
0.78,-3.3561,-2.2138,
0.79,-3.3617,-2.2068,
0.8,-3.3674,-2.1996,
0.81,-3.3732,-2.1923,
0.82,-3.379,-2.1849,
0.83,-3.3849,-2.1774,
0.84,-3.3909,-2.1697,
0.85,-3.3969,-2.1619,
0.86,-3.403,-2.154,
0.87,-3.4092,-2.1459,
0.88,-3.4154,-2.1377,
0.89,-3.4218,-2.1294,
0.9,-3.4282,-2.1209,
0.91,-3.4347,-2.1123,
0.92,-3.4412,-2.1035,
0.93,-3.4478,-2.0946,
0.94,-3.4545,-2.0856,
0.95,-3.4612,-2.0765,
0.96,-3.468,-2.0672,
0.97,-3.4749,-2.0578,
0.98,-3.4818,-2.0483,
0.99,-3.4888,-2.0387,
1,-3.4958,-2.0289,
1.01,-3.5029,-2.019,
1.02,-3.5101,-2.0091,
1.03,-3.5172,-1.999,
1.04,-3.5245,-1.9888,
1.05,-3.5317,-1.9785,
1.06,-3.539,-1.9681,
1.07,-3.5463,-1.9576,
1.08,-3.5536,-1.9471,
1.09,-3.561,-1.9365,
1.1,-3.5683,-1.9258,
1.11,-3.5757,-1.9151,
1.12,-3.5831,-1.9043,
1.13,-3.5905,-1.8935,
1.14,-3.5978,-1.8827,
1.15,-3.6052,-1.8718,
1.16,-3.6126,-1.8609,
1.17,-3.6199,-1.85,
1.18,-3.6272,-1.8391,
1.19,-3.6345,-1.8282,
1.2,-3.6417,-1.8173,
1.21,-3.6489,-1.8064,
1.22,-3.6561,-1.7956,
1.23,-3.6632,-1.7848,
1.24,-3.6703,-1.774,
1.25,-3.6773,-1.7633,
1.26,-3.6842,-1.7526,
1.27,-3.6912,-1.742,
1.28,-3.698,-1.7315,
1.29,-3.7048,-1.721,
1.3,-3.7115,-1.7106,
1.31,-3.7181,-1.7003,
1.32,-3.7247,-1.6901,
1.33,-3.7312,-1.68,
1.34,-3.7376,-1.67,
1.35,-3.7439,-1.66,
1.36,-3.7501,-1.6502,
1.37,-3.7563,-1.6405,
1.38,-3.7624,-1.6309,
1.39,-3.7684,-1.6214,
1.4,-3.7744,-1.612,
1.41,-3.7802,-1.6027,
1.42,-3.786,-1.5935,
1.43,-3.7917,-1.5845,
1.44,-3.7972,-1.5755,
1.45,-3.8027,-1.5668,
1.46,-3.8081,-1.5581,
1.47,-3.8134,-1.5496,
1.48,-3.8186,-1.5413,
1.49,-3.8237,-1.5331,
1.5,-3.8287,-1.525,
1.51,-3.8336,-1.5172,
1.52,-3.8383,-1.5095,
1.53,-3.843,-1.5019,
1.54,-3.8475,-1.4946,
1.55,-3.8519,-1.4875,
1.56,-3.8562,-1.4805,
1.57,-3.8603,-1.4738,
1.58,-3.8643,-1.4673,
1.59,-3.8682,-1.461,
1.6,-3.8719,-1.4549,
1.61,-3.8755,-1.4491,
1.62,-3.8789,-1.4435,
1.63,-3.8821,-1.4382,
1.64,-3.8852,-1.4332,
1.65,-3.8882,-1.4284,
1.66,-3.8909,-1.4238,
1.67,-3.8935,-1.4196,
1.68,-3.8959,-1.4156,
1.69,-3.8981,-1.412,
1.7,-3.9002,-1.4086,
1.71,-3.9021,-1.4055,
1.72,-3.9037,-1.4028,
1.73,-3.9052,-1.4003,
1.74,-3.9065,-1.3982,
1.75,-3.9076,-1.3964,
1.76,-3.9085,-1.3949,
1.77,-3.9092,-1.3938,
1.78,-3.9097,-1.393,
1.79,-3.91,-1.3925,
1.8,-3.9101,-1.3923,
1.8,-3.9101,-1.3923,
1.81,-3.9101,-1.3923,
1.82,-3.9102,-1.3922,
1.83,-3.9102,-1.3921,
1.84,-3.9103,-1.3919,
1.85,-3.9105,-1.3917,
1.86,-3.9106,-1.3914,
1.87,-3.9108,-1.3911,
1.88,-3.911,-1.3907,
1.89,-3.9113,-1.3904,
1.9,-3.9115,-1.3899,
1.91,-3.9118,-1.3895,
1.92,-3.9121,-1.389,
1.93,-3.9124,-1.3885,
1.94,-3.9127,-1.388,
1.95,-3.913,-1.3874,
1.96,-3.9134,-1.3869,
1.97,-3.9137,-1.3863,
1.98,-3.9141,-1.3858,
1.99,-3.9144,-1.3852,
2,-3.9147,-1.3847,
2.01,-3.915,-1.3841,
2.02,-3.9153,-1.3836,
2.03,-3.9156,-1.3831,
2.04,-3.9159,-1.3827,
2.05,-3.9162,-1.3823,
2.06,-3.9164,-1.3819,
2.07,-3.9166,-1.3816,
2.08,-3.9168,-1.3813,
2.09,-3.9169,-1.3811,
2.1,-3.917,-1.3809,
2.11,-3.9171,-1.3808,
2.12,-3.9171,-1.3808,
2.13,-3.917,-1.3808,
2.14,-3.9169,-1.381,
2.15,-3.9168,-1.3812,
2.16,-3.9166,-1.3816,
2.17,-3.9163,-1.382,
2.18,-3.916,-1.3825,
2.19,-3.9156,-1.3832,
2.2,-3.9152,-1.3839,
2.21,-3.9147,-1.3848,
2.22,-3.9141,-1.3857,
2.23,-3.9134,-1.3868,
2.24,-3.9127,-1.3881,
2.25,-3.9118,-1.3894,
2.26,-3.911,-1.3909,
2.27,-3.91,-1.3925,
2.28,-3.9089,-1.3942,
2.29,-3.9078,-1.396,
2.3,-3.9066,-1.398,
2.31,-3.9053,-1.4001,
2.32,-3.904,-1.4024,
2.33,-3.9025,-1.4048,
2.34,-3.901,-1.4073,
2.35,-3.8994,-1.4099,
2.36,-3.8977,-1.4127,
2.37,-3.8959,-1.4156,
2.38,-3.8941,-1.4186,
2.39,-3.8921,-1.4218,
2.4,-3.8901,-1.4251,
2.41,-3.888,-1.4286,
2.42,-3.8858,-1.4321,
2.43,-3.8836,-1.4359,
2.44,-3.8812,-1.4397,
2.45,-3.8788,-1.4437,
2.46,-3.8763,-1.4478,
2.47,-3.8736,-1.4521,
2.48,-3.871,-1.4565,
2.49,-3.8682,-1.461,
2.5,-3.8653,-1.4657,
2.51,-3.8623,-1.4705,
2.52,-3.8593,-1.4755,
2.53,-3.8562,-1.4806,
2.54,-3.8529,-1.4858,
2.55,-3.8496,-1.4912,
2.56,-3.8462,-1.4968,
2.57,-3.8427,-1.5024,
2.58,-3.8391,-1.5083,
2.59,-3.8354,-1.5142,
2.6,-3.8316,-1.5204,
2.61,-3.8277,-1.5266,
2.62,-3.8237,-1.533,
2.63,-3.8197,-1.5396,
2.64,-3.8155,-1.5463,
2.65,-3.8112,-1.5532,
2.66,-3.8069,-1.5602,
2.67,-3.8024,-1.5673,
2.68,-3.7978,-1.5746,
2.69,-3.7932,-1.5821,
2.7,-3.7884,-1.5897,
2.71,-3.7835,-1.5974,
2.72,-3.7786,-1.6053,
2.73,-3.7735,-1.6134,
2.74,-3.7683,-1.6215,
2.75,-3.763,-1.6299,
2.76,-3.7577,-1.6384,
2.77,-3.7522,-1.647,
2.78,-3.7466,-1.6557,
2.79,-3.741,-1.6646,
2.8,-3.7352,-1.6737,
2.81,-3.7293,-1.6829,
2.82,-3.7233,-1.6922,
2.83,-3.7173,-1.7016,
2.84,-3.7111,-1.7112,
2.85,-3.7048,-1.7209,
2.86,-3.6985,-1.7308,
2.87,-3.692,-1.7407,
2.88,-3.6855,-1.7508,
2.89,-3.6788,-1.7609,
2.9,-3.6721,-1.7712,
2.91,-3.6653,-1.7816,
2.92,-3.6584,-1.7921,
2.93,-3.6514,-1.8027,
2.94,-3.6443,-1.8133,
2.95,-3.6372,-1.8241,
2.96,-3.63,-1.8349,
2.97,-3.6227,-1.8457,
2.98,-3.6154,-1.8567,
2.99,-3.608,-1.8677,
3,-3.6005,-1.8787,
3.01,-3.593,-1.8898,
3.02,-3.5854,-1.901,
3.03,-3.5778,-1.9121,
3.04,-3.5701,-1.9233,
3.05,-3.5624,-1.9345,
3.06,-3.5546,-1.9457,
3.07,-3.5468,-1.957,
3.08,-3.5389,-1.9682,
3.09,-3.531,-1.9794,
3.1,-3.5231,-1.9906,
3.11,-3.5152,-2.0018,
3.12,-3.5072,-2.013,
3.13,-3.4993,-2.0242,
3.14,-3.4912,-2.0353,
3.15,-3.4832,-2.0464,
3.16,-3.4752,-2.0574,
3.17,-3.4671,-2.0685,
3.18,-3.4591,-2.0794,
3.19,-3.451,-2.0903,
3.2,-3.4429,-2.1012,
3.21,-3.4349,-2.112,
3.22,-3.4268,-2.1227,
3.23,-3.4187,-2.1334,
3.24,-3.4106,-2.144,
3.25,-3.4025,-2.1546,
3.26,-3.3944,-2.1651,
3.27,-3.3863,-2.1755,
3.28,-3.3783,-2.1858,
3.29,-3.3702,-2.1961,
3.3,-3.3621,-2.2063,
3.31,-3.354,-2.2165,
3.32,-3.3459,-2.2265,
3.33,-3.3378,-2.2365,
3.34,-3.3298,-2.2464,
3.35,-3.3217,-2.2563,
3.36,-3.3136,-2.266,
3.37,-3.3056,-2.2757,
3.38,-3.2976,-2.2852,
3.39,-3.2896,-2.2947,
3.4,-3.2816,-2.3041,
3.41,-3.2736,-2.3134,
3.42,-3.2656,-2.3226,
3.43,-3.2577,-2.3317,
3.44,-3.2498,-2.3406,
3.45,-3.2419,-2.3495,
3.46,-3.2341,-2.3582,
3.47,-3.2264,-2.3668,
3.48,-3.2187,-2.3752,
3.49,-3.2111,-2.3835,
3.5,-3.2036,-2.3916,
3.51,-3.1961,-2.3996,
3.52,-3.1888,-2.4074,
3.53,-3.1815,-2.415,
3.54,-3.1744,-2.4225,
3.55,-3.1674,-2.4297,
3.56,-3.1605,-2.4368,
3.57,-3.1538,-2.4436,
3.58,-3.1472,-2.4503,
3.59,-3.1408,-2.4567,
3.6,-3.1346,-2.4628,
3.61,-3.1286,-2.4688,
3.62,-3.1229,-2.4745,
3.63,-3.1173,-2.4799,
3.64,-3.112,-2.485,
3.65,-3.1069,-2.4899,
3.66,-3.102,-2.4945,
3.67,-3.0975,-2.4989,
3.68,-3.0932,-2.5029,
3.69,-3.0892,-2.5067,
3.7,-3.0855,-2.5101,
3.71,-3.0822,-2.5132,
3.72,-3.0791,-2.516,
3.73,-3.0764,-2.5185,
3.74,-3.0741,-2.5207,
3.75,-3.0721,-2.5225,
3.76,-3.0704,-2.524,
3.77,-3.0691,-2.5252,

