"time","q",,
1e-06,2.52,-4.118,
0.1,2.519,-4.111,
0.2,2.516,-4.09,
0.3,2.511,-4.052,
0.4,2.502,-3.997,
0.5,2.49,-3.922,
0.6,2.474,-3.826,
0.7,2.452,-3.707,
0.8,2.425,-3.562,
0.9,2.389,-3.387,
1,2.345,-3.178,
1.1,2.292,-2.939,
1.2,2.232,-2.678,
1.3,2.17,-2.413,
1.4,2.108,-2.154,
1.5,2.05,-1.913,
1.6,1.999,-1.706,
1.7,1.963,-1.559,
1.8,1.949,-1.506,
1.89,1.948,-1.5,
1.99,1.944,-1.482,
2.09,1.94,-1.468,
2.19,1.942,-1.475,
2.29,1.952,-1.518,
2.39,1.973,-1.602,
2.49,2.003,-1.724,
2.59,2.042,-1.882,
2.69,2.089,-2.073,
2.79,2.142,-2.294,
2.89,2.2,-2.539,
2.99,2.261,-2.8,
3.09,2.32,-3.064,
3.19,2.375,-3.318,
3.29,2.423,-3.554,
3.39,2.464,-3.77,
3.49,2.496,-3.961,
3.59,2.52,-4.116,
3.69,2.533,-4.221,
0.38,2.504,-4.01,
0.39,2.503,-4.004,
0.4,2.502,-3.997,
0.41,2.501,-3.991,
0.42,2.5,-3.984,
0.43,2.499,-3.977,
0.44,2.498,-3.97,
0.45,2.497,-3.962,
0.46,2.495,-3.955,
0.47,2.494,-3.947,
0.48,2.493,-3.939,
0.49,2.492,-3.931,
0.5,2.49,-3.922,
0.51,2.489,-3.914,
0.52,2.487,-3.905,
0.53,2.486,-3.896,
0.54,2.484,-3.887,
0.55,2.483,-3.877,
0.56,2.481,-3.867,
0.57,2.479,-3.857,
0.58,2.477,-3.847,
0.59,2.476,-3.837,
0.6,2.474,-3.826,
0.61,2.472,-3.816,
0.62,2.47,-3.804,
0.63,2.468,-3.793,
0.64,2.466,-3.782,
0.65,2.464,-3.77,
0.66,2.462,-3.758,
0.67,2.459,-3.746,
0.68,2.457,-3.733,
0.69,2.455,-3.72,
0.7,2.452,-3.707,
0.71,2.45,-3.694,
0.72,2.447,-3.68,
0.73,2.445,-3.667,
0.74,2.442,-3.653,
0.75,2.439,-3.638,
0.76,2.437,-3.623,
0.77,2.434,-3.609,
0.78,2.431,-3.593,
0.79,2.428,-3.578,
0.8,2.425,-3.562,
0.81,2.421,-3.546,
0.82,2.418,-3.529,
0.83,2.415,-3.513,
0.84,2.411,-3.496,
0.85,2.408,-3.478,
0.86,2.404,-3.461,
0.87,2.401,-3.443,
0.88,2.397,-3.424,
0.89,2.393,-3.406,
0.9,2.389,-3.387,
0.91,2.385,-3.367,
0.92,2.381,-3.348,
0.93,2.377,-3.328,
0.94,2.373,-3.307,
0.95,2.368,-3.287,
0.96,2.364,-3.265,
0.97,2.359,-3.244,
0.98,2.354,-3.222,
0.99,2.35,-3.2,
1,2.345,-3.178,
1.01,2.34,-3.155,
1.02,2.335,-3.132,
1.03,2.33,-3.109,
1.04,2.325,-3.086,
1.05,2.319,-3.062,
1.06,2.314,-3.038,
1.07,2.309,-3.013,
1.08,2.303,-2.989,
1.09,2.298,-2.964,
1.1,2.292,-2.939,
1.11,2.286,-2.913,
1.12,2.28,-2.888,
1.13,2.275,-2.862,
1.14,2.269,-2.836,
1.15,2.263,-2.81,
1.16,2.257,-2.784,
1.17,2.251,-2.758,
1.18,2.245,-2.731,
1.19,2.239,-2.705,
1.2,2.232,-2.678,
1.21,2.226,-2.652,
1.22,2.22,-2.625,
1.23,2.214,-2.599,
1.24,2.208,-2.572,
1.25,2.201,-2.545,
1.26,2.195,-2.519,
1.27,2.189,-2.492,
1.28,2.183,-2.466,
1.29,2.176,-2.439,
1.3,2.17,-2.413,
1.31,2.164,-2.386,
1.32,2.158,-2.36,
1.33,2.151,-2.334,
1.34,2.145,-2.308,
1.35,2.139,-2.282,
1.36,2.133,-2.256,
1.37,2.127,-2.231,
1.38,2.12,-2.205,
1.39,2.114,-2.18,
1.4,2.108,-2.154,
1.41,2.102,-2.129,
1.42,2.096,-2.104,
1.43,2.09,-2.08,
1.44,2.084,-2.055,
1.45,2.078,-2.031,
1.46,2.072,-2.007,
1.47,2.067,-1.983,
1.48,2.061,-1.959,
1.49,2.055,-1.936,
1.5,2.05,-1.913,
1.51,2.044,-1.891,
1.52,2.039,-1.868,
1.53,2.033,-1.846,
1.54,2.028,-1.825,
1.55,2.023,-1.804,
1.56,2.018,-1.783,
1.57,2.013,-1.763,
1.58,2.008,-1.743,
1.59,2.003,-1.724,
1.6,1.999,-1.706,
1.61,1.994,-1.688,
1.62,1.99,-1.67,
1.63,1.986,-1.654,
1.64,1.982,-1.638,
1.65,1.978,-1.623,
1.66,1.975,-1.608,
1.67,1.971,-1.595,
1.68,1.968,-1.582,
1.69,1.965,-1.57,
1.7,1.963,-1.559,
1.71,1.96,-1.55,
1.72,1.958,-1.541,
1.73,1.956,-1.533,
1.74,1.954,-1.526,
1.75,1.953,-1.52,
1.76,1.952,-1.515,
1.77,1.951,-1.511,
1.78,1.95,-1.508,
1.79,1.95,-1.506,
1.8,1.949,-1.506,
1.8,1.949,-1.506,
1.81,1.949,-1.506,
1.82,1.949,-1.506,
1.83,1.949,-1.505,
1.84,1.949,-1.505,
1.85,1.949,-1.504,
1.86,1.949,-1.503,
1.87,1.948,-1.502,
1.88,1.948,-1.501,
1.89,1.948,-1.5,
1.9,1.947,-1.498,
1.91,1.947,-1.497,
1.92,1.947,-1.495,
1.93,1.946,-1.493,
1.94,1.946,-1.492,
1.95,1.945,-1.49,
1.96,1.945,-1.488,
1.97,1.944,-1.486,
1.98,1.944,-1.484,
1.99,1.944,-1.482,
2,1.943,-1.48,
2.01,1.943,-1.479,
2.02,1.942,-1.477,
2.03,1.942,-1.475,
2.04,1.941,-1.474,
2.05,1.941,-1.472,
2.06,1.941,-1.471,
2.07,1.94,-1.47,
2.08,1.94,-1.469,
2.09,1.94,-1.468,
2.1,1.94,-1.468,
2.11,1.94,-1.467,
2.12,1.94,-1.467,
2.13,1.94,-1.468,
2.14,1.94,-1.468,
2.15,1.94,-1.469,
2.16,1.94,-1.47,
2.17,1.941,-1.471,
2.18,1.941,-1.473,
2.19,1.942,-1.475,
2.2,1.942,-1.478,
2.21,1.943,-1.481,
2.22,1.944,-1.484,
2.23,1.945,-1.488,
2.24,1.946,-1.492,
2.25,1.947,-1.496,
2.26,1.948,-1.501,
2.27,1.95,-1.507,
2.28,1.951,-1.512,
2.29,1.952,-1.518,
2.3,1.954,-1.525,
2.31,1.956,-1.532,
2.32,1.958,-1.539,
2.33,1.96,-1.547,
2.34,1.962,-1.555,
2.35,1.964,-1.564,
2.36,1.966,-1.573,
2.37,1.968,-1.582,
2.38,1.971,-1.592,
2.39,1.973,-1.602,
2.4,1.976,-1.613,
2.41,1.979,-1.624,
2.42,1.981,-1.635,
2.43,1.984,-1.647,
2.44,1.987,-1.659,
2.45,1.99,-1.671,
2.46,1.993,-1.684,
2.47,1.997,-1.697,
2.48,2,-1.71,
2.49,2.003,-1.724,
2.5,2.007,-1.738,
2.51,2.01,-1.753,
2.52,2.014,-1.768,
2.53,2.018,-1.783,
2.54,2.022,-1.799,
2.55,2.026,-1.815,
2.56,2.03,-1.831,
2.57,2.034,-1.848,
2.58,2.038,-1.865,
2.59,2.042,-1.882,
2.6,2.046,-1.9,
2.61,2.051,-1.918,
2.62,2.055,-1.936,
2.63,2.06,-1.955,
2.64,2.064,-1.974,
2.65,2.069,-1.993,
2.66,2.074,-2.013,
2.67,2.079,-2.032,
2.68,2.084,-2.053,
2.69,2.089,-2.073,
2.7,2.094,-2.094,
2.71,2.099,-2.115,
2.72,2.104,-2.136,
2.73,2.109,-2.158,
2.74,2.114,-2.18,
2.75,2.12,-2.202,
2.76,2.125,-2.225,
2.77,2.131,-2.248,
2.78,2.136,-2.271,
2.79,2.142,-2.294,
2.8,2.147,-2.318,
2.81,2.153,-2.341,
2.82,2.159,-2.365,
2.83,2.165,-2.39,
2.84,2.17,-2.414,
2.85,2.176,-2.439,
2.86,2.182,-2.464,
2.87,2.188,-2.489,
2.88,2.194,-2.514,
2.89,2.2,-2.539,
2.9,2.206,-2.565,
2.91,2.212,-2.591,
2.92,2.218,-2.617,
2.93,2.224,-2.643,
2.94,2.23,-2.669,
2.95,2.236,-2.695,
2.96,2.242,-2.721,
2.97,2.248,-2.748,
2.98,2.255,-2.774,
2.99,2.261,-2.8,
3,2.267,-2.827,
3.01,2.273,-2.853,
3.02,2.279,-2.88,
3.03,2.285,-2.906,
3.04,2.291,-2.933,
3.05,2.297,-2.959,
3.06,2.302,-2.985,
3.07,2.308,-3.012,
3.08,2.314,-3.038,
3.09,2.32,-3.064,
3.1,2.326,-3.09,
3.11,2.331,-3.116,
3.12,2.337,-3.141,
3.13,2.343,-3.167,
3.14,2.348,-3.193,
3.15,2.354,-3.218,
3.16,2.359,-3.243,
3.17,2.364,-3.268,
3.18,2.37,-3.293,
3.19,2.375,-3.318,
3.2,2.38,-3.342,
3.21,2.385,-3.367,
3.22,2.39,-3.391,
3.23,2.395,-3.415,
3.24,2.4,-3.438,
3.25,2.405,-3.462,
3.26,2.409,-3.485,
3.27,2.414,-3.509,
3.28,2.419,-3.532,
3.29,2.423,-3.554,
3.3,2.427,-3.577,
3.31,2.432,-3.599,
3.32,2.436,-3.621,
3.33,2.44,-3.643,
3.34,2.444,-3.665,
3.35,2.448,-3.686,
3.36,2.452,-3.708,
3.37,2.456,-3.729,
3.38,2.46,-3.75,
3.39,2.464,-3.77,
3.4,2.468,-3.791,
3.41,2.471,-3.811,
3.42,2.475,-3.83,
3.43,2.478,-3.85,
3.44,2.481,-3.869,
3.45,2.485,-3.888,
3.46,2.488,-3.907,
3.47,2.491,-3.925,
3.48,2.494,-3.943,
3.49,2.496,-3.961,
3.5,2.499,-3.979,
3.51,2.502,-3.996,
3.52,2.504,-4.012,
3.53,2.507,-4.028,
3.54,2.509,-4.044,
3.55,2.512,-4.059,
3.56,2.514,-4.074,
3.57,2.516,-4.089,
3.58,2.518,-4.103,
3.59,2.52,-4.116,
3.6,2.521,-4.129,
3.61,2.523,-4.142,
3.62,2.525,-4.154,
3.63,2.526,-4.165,
3.64,2.528,-4.176,
3.65,2.529,-4.186,
3.66,2.53,-4.196,
3.67,2.531,-4.205,
3.68,2.532,-4.213,
3.69,2.533,-4.221,
3.7,2.534,-4.228,
3.71,2.535,-4.234,
3.72,2.535,-4.24,
3.73,2.536,-4.245,
3.74,2.537,-4.25,
3.75,2.537,-4.254,
3.76,2.537,-4.257,
3.77,2.538,-4.259,