"time","q",,
1e-06,-3.5584,-1.9402,
0.010001,-3.558,-1.9401,
0.020001,-3.557,-1.9396,
0.030001,-3.5555,-1.9387,
0.040001,-3.5537,-1.9375,
0.050001,-3.5517,-1.9358,
0.060001,-3.5496,-1.9337,
0.070001,-3.5477,-1.9311,
0.080001,-3.546,-1.9281,
0.090001,-3.5448,-1.9245,
0.1,-3.5442,-1.9205,
0.11,-3.5442,-1.9158,
0.12,-3.5451,-1.9105,
0.13,-3.5468,-1.9044,
0.14,-3.5493,-1.8976,
0.15,-3.5528,-1.8898,
0.16,-3.5571,-1.881,
0.17,-3.5625,-1.8711,
0.18,-3.5689,-1.86,
0.19,-3.5763,-1.8477,
0.2,-3.5849,-1.8339,
0.21,-3.5945,-1.8188,
0.22,-3.605,-1.8025,
0.23,-3.6161,-1.7853,
0.24,-3.6276,-1.7676,
0.25,-3.6393,-1.7498,
0.26,-3.6476,-1.7376,
0.27,-3.6496,-1.7363,
0.28,-3.6458,-1.745,
0.29,-3.6366,-1.7628,
0.3,-3.6228,-1.7884,
0.31,-3.6048,-1.8209,
0.32,-3.5835,-1.8587,
0.33,-3.5598,-1.9003,
0.34,-3.5345,-1.9444,
0.35,-3.5083,-1.9895,
0.36,-3.4819,-2.0344,
0.37,-3.4562,-2.078,
0.38,-3.4317,-2.1191,
0.39,-3.4091,-2.1568,
0.4,-3.3893,-2.1899,
0.41,-3.373,-2.2174,
0.42,-3.361,-2.2383,
0.43,-3.354,-2.2515,
0.44,-3.3529,-2.2561,
0.45,-3.359,-2.2514,
0.46,-3.3721,-2.2382,
0.47,-3.3912,-2.2172,
0.48,-3.4153,-2.1891,
0.49,-3.4436,-2.1547,
0.5,-3.475,-2.1147,
0.51,-3.5089,-2.0697,
0.52,-3.5443,-2.021,
0.53,-3.5803,-1.9698,
0.54,-3.616,-1.9173,
0.55,-3.6505,-1.8651,
0.56,-3.6831,-1.8145,
0.57,-3.7128,-1.7675,
0.58,-3.7386,-1.7256,
0.59,-3.7595,-1.6908,
0.6,-3.7743,-1.6652,
0.61,-3.7821,-1.6505,
0.62,-3.7819,-1.6482,
0.63,-3.7739,-1.6579,
0.64,-3.7641,-1.6707,
0.65,-3.7534,-1.685,
0.66,-3.7421,-1.7005,
0.67,-3.7303,-1.7169,
0.68,-3.7181,-1.734,
0.69,-3.7056,-1.7515,
0.7,-3.6929,-1.7691,
0.71,-3.6802,-1.7867,
0.72,-3.6676,-1.8041,
0.73,-3.6551,-1.8211,
0.74,-3.643,-1.8376,
0.75,-3.6313,-1.8534,
0.76,-3.6201,-1.8685,
0.77,-3.6096,-1.8826,
0.78,-3.5999,-1.8956,
0.79,-3.5912,-1.9074,
0.8,-3.5834,-1.9179,
0.81,-3.5768,-1.927,
0.82,-3.5713,-1.9346,
0.83,-3.5667,-1.941,
0.84,-3.5631,-1.946,
0.85,-3.5602,-1.9498,
0.86,-3.558,-1.9525,
0.87,-3.5564,-1.9541,
0.88,-3.5553,-1.9545,
0.89,-3.5546,-1.954,
0.9,-3.5543,-1.9524,
0.91,-3.5543,-1.9499,
0.92,-3.5546,-1.9463,
0.93,-3.5553,-1.9415,
0.94,-3.5567,-1.9357,
0.95,-3.5588,-1.9285,
0.96,-3.5617,-1.92,
0.97,-3.5655,-1.9101,
0.98,-3.5704,-1.8987,
0.99,-3.5765,-1.8857,
1,-3.584,-1.8709,
1.01,-3.5928,-1.8543,
1.02,-3.6028,-1.8363,
1.03,-3.6135,-1.8174,
1.04,-3.6246,-1.7981,
1.05,-3.6357,-1.7788,
1.06,-3.6464,-1.7601,
1.07,-3.6563,-1.7426,
1.08,-3.665,-1.7268,
1.09,-3.6721,-1.7134,
1.1,-3.6772,-1.7029,
1.11,-3.68,-1.6958,
1.12,-3.6806,-1.6918,
1.13,-3.6786,-1.6918,
1.14,-3.6698,-1.7034,
1.15,-3.6544,-1.726,
1.16,-3.6335,-1.7578,
1.17,-3.6083,-1.7968,
1.18,-3.5799,-1.841,
1.19,-3.5493,-1.8887,
1.2,-3.5175,-1.9382,
1.21,-3.4853,-1.988,
1.22,-3.4536,-2.0371,
1.23,-3.4227,-2.0847,
1.24,-3.3934,-2.1298,
1.25,-3.3663,-2.1717,
1.26,-3.3419,-2.2096,
1.27,-3.3208,-2.2427,
1.28,-3.3036,-2.2703,
1.29,-3.291,-2.2915,
1.3,-3.2835,-2.3057,
1.31,-3.2818,-2.3121,
1.32,-3.287,-2.3097,
1.33,-3.3001,-2.2988,
1.34,-3.32,-2.2802,
1.35,-3.3456,-2.2548,
1.36,-3.3757,-2.2234,
1.37,-3.4091,-2.1867,
1.38,-3.445,-2.1454,
1.39,-3.4823,-2.1005,
1.4,-3.5205,-2.0526,
1.41,-3.5586,-2.0027,
1.42,-3.5959,-1.9519,
1.43,-3.6317,-1.9016,
1.44,-3.6649,-1.8534,
1.45,-3.6949,-1.8088,
1.46,-3.7207,-1.7694,
1.47,-3.7412,-1.7371,
1.48,-3.7554,-1.7138,
1.49,-3.7623,-1.7012,
1.5,-3.7607,-1.7012,
1.51,-3.7538,-1.7092,
1.52,-3.7457,-1.7196,
1.53,-3.7366,-1.7319,
1.54,-3.7266,-1.7455,
1.55,-3.716,-1.7602,
1.56,-3.705,-1.7754,
1.57,-3.6939,-1.7908,
1.58,-3.6827,-1.806,
1.59,-3.6717,-1.8206,
1.6,-3.6611,-1.8343,
1.61,-3.6511,-1.8469,
1.62,-3.6417,-1.8583,
1.63,-3.6328,-1.8686,
1.64,-3.6246,-1.8778,
1.65,-3.6169,-1.8861,
1.66,-3.6099,-1.8934,
1.67,-3.6034,-1.8998,
1.68,-3.5976,-1.9053,
1.69,-3.5923,-1.9101,
1.7,-3.5877,-1.914,
1.71,-3.5836,-1.9172,
1.72,-3.5802,-1.9196,
1.73,-3.5773,-1.9213,
1.74,-3.575,-1.9223,
1.75,-3.5733,-1.9226,
1.76,-3.572,-1.9221,
1.77,-3.5712,-1.921,
1.78,-3.571,-1.9191,
1.79,-3.5712,-1.9165,
1.8,-3.5718,-1.9132,
1.81,-3.5729,-1.9092,
1.82,-3.5745,-1.9044,
1.83,-3.5765,-1.8987,
1.84,-3.579,-1.8923,
1.85,-3.582,-1.8849,
1.86,-3.5855,-1.8767,
1.87,-3.5896,-1.8675,
1.88,-3.5941,-1.8573,
1.89,-3.5993,-1.846,
1.9,-3.605,-1.8336,
1.91,-3.6113,-1.8201,
1.92,-3.618,-1.8057,
1.93,-3.6248,-1.7909,
1.94,-3.6317,-1.7758,
1.95,-3.6382,-1.761,
1.96,-3.6441,-1.7468,
1.97,-3.6493,-1.7336,
1.98,-3.6534,-1.7218,
1.99,-3.6562,-1.7119,
2,-3.6574,-1.7043,
2.01,-3.6537,-1.7047,
2.02,-3.6428,-1.7177,
2.03,-3.6256,-1.7415,
2.04,-3.6032,-1.7741,
2.05,-3.5769,-1.8138,
2.06,-3.5475,-1.8587,
2.07,-3.5162,-1.9071,
2.08,-3.4838,-1.9574,
2.09,-3.4514,-2.0082,
2.1,-3.4199,-2.0581,
2.11,-3.3899,-2.1059,
2.12,-3.3622,-2.1507,
2.13,-3.3372,-2.1917,
2.14,-3.3155,-2.2281,
2.15,-3.2976,-2.2592,
2.16,-3.2841,-2.2841,
2.17,-3.2754,-2.3023,
2.18,-3.272,-2.3127,
2.19,-3.2746,-2.3147,
2.2,-3.285,-2.3079,
2.21,-3.3028,-2.2932,
2.22,-3.3269,-2.2713,
2.23,-3.3559,-2.2431,
2.24,-3.3888,-2.2093,
2.25,-3.4245,-2.1707,
2.26,-3.462,-2.1281,
2.27,-3.5006,-2.0823,
2.28,-3.5395,-2.034,
2.29,-3.578,-1.9842,
2.3,-3.6156,-1.9336,
2.31,-3.6515,-1.8835,
2.32,-3.6849,-1.8351,
2.33,-3.7149,-1.7902,
2.34,-3.7405,-1.7506,
2.35,-3.7605,-1.7182,
2.36,-3.7739,-1.695,
2.37,-3.7794,-1.6829,
2.38,-3.7768,-1.6823,
2.39,-3.7717,-1.6858,
2.4,-3.7648,-1.6923,
2.41,-3.7559,-1.7023,
2.42,-3.7453,-1.7151,
2.43,-3.7333,-1.7302,
2.44,-3.7203,-1.7471,
2.45,-3.7067,-1.765,
2.46,-3.6929,-1.7835,
2.47,-3.6791,-1.8019,
2.48,-3.6657,-1.8199,
2.49,-3.6531,-1.8368,
2.5,-3.6417,-1.8522,
2.51,-3.6317,-1.8658,
2.52,-3.6231,-1.8775,
2.53,-3.6156,-1.8875,
2.54,-3.6093,-1.896,
2.55,-3.6039,-1.9031,
2.56,-3.5994,-1.9088,
2.57,-3.5955,-1.9134,
2.58,-3.5922,-1.9169,
2.59,-3.5894,-1.9193,
2.6,-3.5868,-1.9209,
2.61,-3.5845,-1.9217,
2.62,-3.5824,-1.9217,
2.63,-3.5806,-1.9209,
2.64,-3.579,-1.9192,
2.65,-3.5779,-1.9168,
2.66,-3.5771,-1.9135,
2.67,-3.5767,-1.9094,
2.68,-3.5769,-1.9044,
2.69,-3.5776,-1.8986,
2.7,-3.5788,-1.8918,
2.71,-3.5807,-1.8841,
2.72,-3.5832,-1.8757,
2.73,-3.5861,-1.8665,
2.74,-3.5895,-1.8569,
2.75,-3.5933,-1.8469,
2.76,-3.5974,-1.8367,
2.77,-3.6017,-1.8264,
2.78,-3.6061,-1.8162,
2.79,-3.6107,-1.8062,
2.8,-3.6153,-1.7966,
2.81,-3.6198,-1.7875,
2.82,-3.6243,-1.779,
2.83,-3.6285,-1.7711,
2.84,-3.6325,-1.7638,
2.85,-3.6361,-1.7572,
2.86,-3.6392,-1.7513,
2.87,-3.6417,-1.7462,
2.88,-3.6428,-1.7433,
2.89,-3.6377,-1.7504,
2.9,-3.6264,-1.7677,
2.91,-3.6096,-1.7939,
2.92,-3.5881,-1.8273,
2.93,-3.563,-1.8665,
2.94,-3.535,-1.91,
2.95,-3.505,-1.9563,
2.96,-3.474,-2.0041,
2.97,-3.4426,-2.0522,
2.98,-3.4117,-2.0993,
2.99,-3.382,-2.1445,
3,-3.3543,-2.1866,
3.01,-3.3293,-2.2248,
3.02,-3.3078,-2.2581,
3.03,-3.2903,-2.2857,
3.04,-3.2776,-2.3069,
3.05,-3.2703,-2.3207,
3.06,-3.2689,-2.3265,
3.07,-3.2747,-2.3233,
3.08,-3.2885,-2.3114,
3.09,-3.3094,-2.2917,
3.1,-3.336,-2.2652,
3.11,-3.3674,-2.2325,
3.12,-3.4022,-2.1946,
3.13,-3.4396,-2.1523,
3.14,-3.4787,-2.1063,
3.15,-3.5186,-2.0575,
3.16,-3.5587,-2.0067,
3.17,-3.5983,-1.955,
3.18,-3.6368,-1.9032,
3.19,-3.6734,-1.8524,
3.2,-3.7075,-1.8038,
3.21,-3.7384,-1.7586,
3.22,-3.7649,-1.7186,
3.23,-3.7861,-1.6857,
3.24,-3.8007,-1.6619,
3.25,-3.8074,-1.6493,
3.26,-3.8093,-1.6436,
3.27,-3.8098,-1.6399,
3.28,-3.8086,-1.6387,
3.29,-3.8055,-1.6403,
3.3,-3.8001,-1.6454,
3.31,-3.7922,-1.6542,
3.32,-3.7821,-1.6662,
3.33,-3.7701,-1.6809,
3.34,-3.7567,-1.6975,
3.35,-3.7423,-1.7155,
3.36,-3.7272,-1.7344,
3.37,-3.7117,-1.7534,
3.38,-3.6964,-1.7721,
3.39,-3.6815,-1.7899,
3.4,-3.6674,-1.8063,
3.41,-3.6545,-1.821,
3.42,-3.6428,-1.8339,
3.43,-3.6323,-1.8451,
3.44,-3.623,-1.8548,
3.45,-3.6148,-1.8629,
3.46,-3.6079,-1.8697,
3.47,-3.6022,-1.8751,
3.48,-3.5977,-1.8793,
3.49,-3.5944,-1.8823,
3.5,-3.5922,-1.8842,
3.51,-3.5913,-1.885,
3.52,-3.5914,-1.8849,
3.53,-3.5923,-1.8841,
3.54,-3.594,-1.8826,
3.55,-3.5961,-1.8806,
3.56,-3.5986,-1.8784,
3.57,-3.6013,-1.8759,
3.58,-3.6039,-1.8733,
3.59,-3.6064,-1.8708,
3.6,-3.6086,-1.8686,
3.61,-3.6103,-1.8667,
3.62,-3.6115,-1.8651,
3.63,-3.6123,-1.8638,
3.64,-3.6126,-1.863,
3.65,-3.6125,-1.8624,
3.66,-3.6121,-1.8622,
3.67,-3.6113,-1.8624,
3.68,-3.6101,-1.8629,
3.69,-3.6086,-1.8637,
3.7,-3.6068,-1.8649,
3.71,-3.6048,-1.8664,
3.72,-3.6026,-1.8682,
3.73,-3.6003,-1.8702,
3.74,-3.5979,-1.8724,
3.75,-3.5955,-1.8746,
3.76,-3.5931,-1.8768,
3.77,-3.5909,-1.879,
3.78,-3.5889,-1.8811,
3.79,-3.5871,-1.883,
3.8,-3.5855,-1.8847,
3.81,-3.5843,-1.8861,
3.82,-3.5834,-1.8873,
3.83,-3.5827,-1.8881,
3.84,-3.5824,-1.8886,
3.85,-3.5823,-1.8889,
3.86,-3.5826,-1.8888,
3.87,-3.5831,-1.8885,
3.88,-3.5838,-1.8878,
3.89,-3.5849,-1.8868,
3.9,-3.5862,-1.8855,
3.91,-3.5878,-1.8838,
3.92,-3.5896,-1.8819,
3.93,-3.5915,-1.8798,
3.94,-3.5934,-1.8778,
3.95,-3.5952,-1.8757,
3.96,-3.597,-1.8738,
3.97,-3.5984,-1.8722,

