"time","q",,
2,3.025,-2.429,
2.01,3.025,-2.429,
2.02,3.025,-2.429,
2.03,3.025,-2.429,
2.04,3.025,-2.428,
2.05,3.025,-2.428,
2.06,3.024,-2.428,
2.07,3.024,-2.427,
2.08,3.024,-2.427,
2.09,3.023,-2.426,
2.1,3.023,-2.426,
2.11,3.022,-2.425,
2.12,3.022,-2.424,
2.13,3.021,-2.424,
2.14,3.02,-2.423,
2.15,3.019,-2.422,
2.16,3.018,-2.421,
2.17,3.018,-2.42,
2.18,3.017,-2.418,
2.19,3.016,-2.417,
2.2,3.014,-2.416,
2.21,3.013,-2.415,
2.22,3.012,-2.413,
2.23,3.011,-2.412,
2.24,3.009,-2.41,
2.25,3.008,-2.408,
2.26,3.007,-2.407,
2.27,3.005,-2.405,
2.28,3.003,-2.403,
2.29,3.002,-2.401,
2.3,3,-2.399,
2.31,2.998,-2.397,
2.32,2.996,-2.394,
2.33,2.994,-2.392,
2.34,2.992,-2.39,
2.35,2.99,-2.387,
2.36,2.988,-2.384,
2.37,2.986,-2.382,
2.38,2.984,-2.379,
2.39,2.982,-2.376,
2.4,2.979,-2.373,
2.41,2.977,-2.37,
2.42,2.974,-2.367,
2.43,2.972,-2.364,
2.44,2.969,-2.36,
2.45,2.966,-2.357,
2.46,2.963,-2.354,
2.47,2.961,-2.35,
2.48,2.958,-2.346,
2.49,2.955,-2.343,
2.5,2.952,-2.339,
2.51,2.949,-2.335,
2.52,2.945,-2.331,
2.53,2.942,-2.327,
2.54,2.939,-2.322,
2.55,2.936,-2.318,
2.56,2.932,-2.314,
2.57,2.929,-2.309,
2.58,2.925,-2.304,
2.59,2.921,-2.3,
2.6,2.918,-2.295,
2.61,2.914,-2.29,
2.62,2.91,-2.285,
2.63,2.906,-2.28,
2.64,2.902,-2.274,
2.65,2.898,-2.269,
2.66,2.894,-2.264,
2.67,2.89,-2.258,
2.68,2.886,-2.252,
2.69,2.882,-2.247,
2.7,2.877,-2.241,
2.71,2.873,-2.235,
2.72,2.869,-2.229,
2.73,2.864,-2.222,
2.74,2.859,-2.216,
2.75,2.855,-2.209,
2.76,2.85,-2.203,
2.77,2.845,-2.196,
2.78,2.84,-2.189,
2.79,2.835,-2.182,
2.8,2.83,-2.175,
2.81,2.825,-2.168,
2.82,2.82,-2.161,
2.83,2.815,-2.153,
2.84,2.81,-2.146,
2.85,2.804,-2.138,
2.86,2.799,-2.13,
2.87,2.793,-2.122,
2.88,2.788,-2.114,
2.89,2.782,-2.105,
2.9,2.776,-2.097,
2.91,2.771,-2.089,
2.92,2.765,-2.08,
2.93,2.759,-2.071,
2.94,2.753,-2.062,
2.95,2.747,-2.053,
2.96,2.741,-2.044,
2.97,2.734,-2.034,
2.98,2.728,-2.025,
2.99,2.722,-2.015,
3,2.715,-2.006,
3.01,2.709,-1.996,
3.02,2.703,-1.986,
3.03,2.696,-1.976,
3.04,2.689,-1.965,
3.05,2.683,-1.955,
3.06,2.676,-1.945,
3.07,2.669,-1.934,
3.08,2.663,-1.924,
3.09,2.656,-1.913,
3.1,2.649,-1.903,
3.11,2.642,-1.892,
3.12,2.636,-1.881,
3.13,2.629,-1.87,
3.14,2.622,-1.859,
3.15,2.615,-1.848,
3.16,2.608,-1.838,
3.17,2.602,-1.827,
3.18,2.595,-1.816,
3.19,2.588,-1.805,
3.2,2.581,-1.794,
3.21,2.575,-1.783,
3.22,2.568,-1.772,
3.23,2.561,-1.761,
3.24,2.555,-1.75,
3.25,2.548,-1.74,
3.26,2.542,-1.729,
3.27,2.535,-1.718,
3.28,2.529,-1.708,
3.29,2.523,-1.697,
3.3,2.516,-1.687,
3.31,2.51,-1.676,
3.32,2.504,-1.666,
3.33,2.498,-1.656,
3.34,2.492,-1.646,
3.35,2.486,-1.636,
3.36,2.48,-1.626,
3.37,2.474,-1.616,
3.38,2.468,-1.607,
3.39,2.463,-1.597,
3.4,2.457,-1.587,
3.41,2.452,-1.578,
3.42,2.446,-1.569,
3.43,2.441,-1.56,
3.44,2.435,-1.551,
3.45,2.43,-1.542,
3.46,2.425,-1.533,
3.47,2.42,-1.525,
3.48,2.415,-1.516,
3.49,2.41,-1.508,
3.5,2.405,-1.5,
3.51,2.401,-1.492,
3.52,2.396,-1.484,
3.53,2.392,-1.476,
3.54,2.388,-1.469,
3.55,2.383,-1.462,
3.56,2.379,-1.455,
3.57,2.375,-1.448,
3.58,2.372,-1.441,
3.59,2.368,-1.435,
3.6,2.364,-1.429,
3.61,2.361,-1.423,
3.62,2.358,-1.417,
3.63,2.354,-1.412,
3.64,2.352,-1.407,
3.65,2.349,-1.402,
3.66,2.346,-1.397,
3.67,2.344,-1.393,
3.68,2.341,-1.389,
3.69,2.339,-1.385,
3.7,2.337,-1.382,
3.71,2.335,-1.379,
3.72,2.334,-1.376,
3.73,2.332,-1.374,
3.74,2.331,-1.372,
3.75,2.33,-1.37,
3.76,2.329,-1.368,
3.77,2.329,-1.367,
3.78,2.328,-1.366,
3.79,2.328,-1.366,
3.8,2.328,-1.366,
3.8,2.328,-1.366,
3.81,2.328,-1.365,
3.82,2.328,-1.365,
3.83,2.328,-1.365,
3.84,2.327,-1.365,
3.85,2.327,-1.365,
3.86,2.327,-1.365,
3.87,2.327,-1.364,
3.88,2.327,-1.364,
3.89,2.327,-1.364,
3.9,2.326,-1.363,
3.91,2.326,-1.363,
3.92,2.326,-1.362,
3.93,2.325,-1.362,
3.94,2.325,-1.361,
3.95,2.325,-1.361,
3.96,2.324,-1.36,
3.97,2.324,-1.359,
3.98,2.324,-1.359,
3.99,2.324,-1.358,
4,2.323,-1.358,
4.01,2.323,-1.357,
4.02,2.323,-1.357,
4.03,2.322,-1.356,
4.04,2.322,-1.356,
4.05,2.322,-1.355,
4.06,2.322,-1.355,
4.07,2.321,-1.355,
4.08,2.321,-1.354,
4.09,2.321,-1.354,
4.1,2.321,-1.354,
4.11,2.321,-1.354,
4.12,2.321,-1.354,
4.13,2.321,-1.354,
4.14,2.321,-1.354,
4.15,2.321,-1.354,
8.15,2.321,-1.354,
12,3.025,-2.429,