"time","q",,
2,2.476,-4.102,
2.01,2.476,-4.102,
2.02,2.476,-4.102,
2.03,2.476,-4.101,
2.04,2.476,-4.101,
2.05,2.476,-4.1,
2.06,2.475,-4.099,
2.07,2.475,-4.098,
2.08,2.475,-4.097,
2.09,2.475,-4.096,
2.1,2.475,-4.095,
2.11,2.475,-4.093,
2.12,2.475,-4.092,
2.13,2.474,-4.09,
2.14,2.474,-4.088,
2.15,2.474,-4.086,
2.16,2.474,-4.084,
2.17,2.473,-4.081,
2.18,2.473,-4.079,
2.19,2.473,-4.076,
2.2,2.472,-4.073,
2.21,2.472,-4.07,
2.22,2.472,-4.067,
2.23,2.471,-4.063,
2.24,2.471,-4.06,
2.25,2.47,-4.056,
2.26,2.47,-4.052,
2.27,2.469,-4.048,
2.28,2.469,-4.043,
2.29,2.468,-4.039,
2.3,2.468,-4.034,
2.31,2.467,-4.029,
2.32,2.467,-4.024,
2.33,2.466,-4.019,
2.34,2.465,-4.014,
2.35,2.464,-4.008,
2.36,2.464,-4.002,
2.37,2.463,-3.996,
2.38,2.462,-3.99,
2.39,2.461,-3.984,
2.4,2.46,-3.977,
2.41,2.459,-3.97,
2.42,2.459,-3.963,
2.43,2.458,-3.956,
2.44,2.457,-3.949,
2.45,2.455,-3.941,
2.46,2.454,-3.933,
2.47,2.453,-3.925,
2.48,2.452,-3.917,
2.49,2.451,-3.909,
2.5,2.45,-3.9,
2.51,2.448,-3.891,
2.52,2.447,-3.882,
2.53,2.446,-3.872,
2.54,2.444,-3.863,
2.55,2.443,-3.853,
2.56,2.441,-3.843,
2.57,2.44,-3.833,
2.58,2.438,-3.822,
2.59,2.436,-3.812,
2.6,2.435,-3.801,
2.61,2.433,-3.79,
2.62,2.431,-3.778,
2.63,2.429,-3.767,
2.64,2.427,-3.755,
2.65,2.425,-3.742,
2.66,2.423,-3.73,
2.67,2.421,-3.717,
2.68,2.419,-3.704,
2.69,2.417,-3.691,
2.7,2.415,-3.678,
2.71,2.412,-3.664,
2.72,2.41,-3.65,
2.73,2.408,-3.636,
2.74,2.405,-3.621,
2.75,2.402,-3.606,
2.76,2.4,-3.591,
2.77,2.397,-3.576,
2.78,2.394,-3.56,
2.79,2.391,-3.544,
2.8,2.388,-3.528,
2.81,2.385,-3.511,
2.82,2.382,-3.494,
2.83,2.379,-3.477,
2.84,2.376,-3.459,
2.85,2.372,-3.441,
2.86,2.369,-3.423,
2.87,2.365,-3.404,
2.88,2.362,-3.385,
2.89,2.358,-3.366,
2.9,2.354,-3.346,
2.91,2.35,-3.326,
2.92,2.346,-3.306,
2.93,2.342,-3.285,
2.94,2.338,-3.264,
2.95,2.334,-3.243,
2.96,2.329,-3.221,
2.97,2.325,-3.199,
2.98,2.32,-3.176,
2.99,2.316,-3.154,
3,2.311,-3.13,
3.01,2.306,-3.107,
3.02,2.301,-3.083,
3.03,2.296,-3.059,
3.04,2.291,-3.034,
3.05,2.286,-3.01,
3.06,2.281,-2.985,
3.07,2.275,-2.959,
3.08,2.27,-2.934,
3.09,2.264,-2.908,
3.1,2.259,-2.882,
3.11,2.253,-2.855,
3.12,2.247,-2.829,
3.13,2.241,-2.802,
3.14,2.235,-2.775,
3.15,2.229,-2.748,
3.16,2.223,-2.721,
3.17,2.217,-2.693,
3.18,2.211,-2.666,
3.19,2.205,-2.638,
3.2,2.199,-2.611,
3.21,2.193,-2.583,
3.22,2.186,-2.555,
3.23,2.18,-2.527,
3.24,2.174,-2.499,
3.25,2.167,-2.471,
3.26,2.161,-2.443,
3.27,2.155,-2.415,
3.28,2.148,-2.387,
3.29,2.142,-2.359,
3.3,2.136,-2.332,
3.31,2.129,-2.304,
3.32,2.123,-2.276,
3.33,2.116,-2.248,
3.34,2.11,-2.221,
3.35,2.104,-2.194,
3.36,2.097,-2.166,
3.37,2.091,-2.139,
3.38,2.085,-2.112,
3.39,2.078,-2.085,
3.4,2.072,-2.058,
3.41,2.066,-2.031,
3.42,2.059,-2.005,
3.43,2.053,-1.978,
3.44,2.047,-1.952,
3.45,2.041,-1.926,
3.46,2.035,-1.9,
3.47,2.029,-1.875,
3.48,2.023,-1.849,
3.49,2.017,-1.824,
3.5,2.011,-1.799,
3.51,2.005,-1.775,
3.52,1.999,-1.75,
3.53,1.993,-1.727,
3.54,1.988,-1.703,
3.55,1.982,-1.68,
3.56,1.977,-1.658,
3.57,1.972,-1.636,
3.58,1.966,-1.614,
3.59,1.961,-1.593,
3.6,1.956,-1.573,
3.61,1.952,-1.553,
3.62,1.947,-1.534,
3.63,1.943,-1.515,
3.64,1.938,-1.498,
3.65,1.934,-1.481,
3.66,1.93,-1.465,
3.67,1.927,-1.45,
3.68,1.923,-1.435,
3.69,1.92,-1.422,
3.7,1.917,-1.41,
3.71,1.914,-1.399,
3.72,1.912,-1.388,
3.73,1.91,-1.379,
3.74,1.908,-1.372,
3.75,1.906,-1.365,
3.76,1.905,-1.359,
3.77,1.904,-1.355,
3.78,1.903,-1.352,
3.79,1.903,-1.35,
3.8,1.903,-1.349,
3.8,1.903,-1.349,
3.81,1.903,-1.349,
3.82,1.902,-1.349,
3.83,1.902,-1.348,
3.84,1.902,-1.348,
3.85,1.902,-1.347,
3.86,1.902,-1.346,
3.87,1.901,-1.345,
3.88,1.901,-1.343,
3.89,1.901,-1.342,
3.9,1.9,-1.34,
3.91,1.9,-1.339,
3.92,1.9,-1.337,
3.93,1.899,-1.335,
3.94,1.899,-1.333,
3.95,1.898,-1.331,
3.96,1.898,-1.329,
3.97,1.897,-1.327,
3.98,1.897,-1.324,
3.99,1.896,-1.322,
4,1.896,-1.32,
4.01,1.895,-1.318,
4.02,1.895,-1.316,
4.03,1.894,-1.314,
4.04,1.894,-1.313,
4.05,1.893,-1.311,
4.06,1.893,-1.31,
4.07,1.893,-1.308,
4.08,1.892,-1.307,
4.09,1.892,-1.306,
4.1,1.892,-1.306,
4.11,1.892,-1.305,
4.12,1.892,-1.305,
4.13,1.892,-1.306,
4.14,1.892,-1.306,
4.15,1.892,-1.307,
4.16,1.893,-1.308,
4.17,1.893,-1.31,
4.18,1.894,-1.312,
4.19,1.894,-1.314,
4.2,1.895,-1.317,
4.21,1.896,-1.321,
4.22,1.897,-1.324,
4.23,1.898,-1.329,
4.24,1.899,-1.333,
4.25,1.9,-1.338,
4.26,1.901,-1.344,
4.27,1.903,-1.35,
4.28,1.904,-1.356,
4.29,1.906,-1.363,
4.3,1.908,-1.371,
4.31,1.91,-1.379,
4.32,1.912,-1.387,
4.33,1.914,-1.396,
4.34,1.916,-1.405,
4.35,1.918,-1.415,
4.36,1.921,-1.425,
4.37,1.923,-1.435,
4.38,1.926,-1.446,
4.39,1.929,-1.458,
4.4,1.932,-1.469,
4.41,1.935,-1.481,
4.42,1.938,-1.494,
4.43,1.941,-1.507,
4.44,1.944,-1.52,
4.45,1.947,-1.534,
4.46,1.951,-1.548,
4.47,1.954,-1.563,
4.48,1.958,-1.578,
4.49,1.961,-1.593,
4.5,1.965,-1.609,
4.51,1.969,-1.625,
4.52,1.973,-1.641,
4.53,1.977,-1.658,
4.54,1.981,-1.675,
4.55,1.985,-1.692,
4.56,1.989,-1.71,
4.57,1.994,-1.728,
4.58,1.998,-1.747,
4.59,2.003,-1.766,
4.6,2.007,-1.785,
4.61,2.012,-1.804,
4.62,2.017,-1.824,
4.63,2.021,-1.844,
4.64,2.026,-1.864,
4.65,2.031,-1.885,
4.66,2.036,-1.906,
4.67,2.041,-1.928,
4.68,2.046,-1.949,
4.69,2.052,-1.971,
4.7,2.057,-1.994,
4.71,2.062,-2.016,
4.72,2.067,-2.039,
4.73,2.073,-2.062,
4.74,2.078,-2.085,
4.75,2.084,-2.109,
4.76,2.09,-2.133,
4.77,2.095,-2.157,
4.78,2.101,-2.182,
4.79,2.107,-2.206,
4.8,2.112,-2.231,
4.81,2.118,-2.256,
4.82,2.124,-2.282,
4.83,2.13,-2.307,
4.84,2.136,-2.333,
4.85,2.142,-2.359,
4.86,2.148,-2.385,
4.87,2.154,-2.412,
4.88,2.16,-2.438,
4.89,2.166,-2.465,
4.9,2.172,-2.492,
4.91,2.178,-2.519,
4.92,2.184,-2.546,
4.93,2.191,-2.573,
4.94,2.197,-2.6,
4.95,2.203,-2.628,
4.96,2.209,-2.655,
4.97,2.215,-2.683,
4.98,2.221,-2.71,
4.99,2.227,-2.738,
5,2.233,-2.765,
5.01,2.239,-2.793,
5.02,2.245,-2.821,
5.03,2.251,-2.848,
5.04,2.257,-2.876,
5.05,2.263,-2.903,
5.06,2.269,-2.93,
5.07,2.275,-2.958,
5.08,2.281,-2.985,
5.09,2.286,-3.012,
5.1,2.292,-3.039,
5.11,2.298,-3.066,
5.12,2.303,-3.093,
5.13,2.309,-3.119,
5.14,2.314,-3.146,
5.15,2.319,-3.172,
5.16,2.325,-3.198,
5.17,2.33,-3.224,
5.18,2.335,-3.25,
5.19,2.34,-3.275,
5.2,2.345,-3.301,
5.21,2.35,-3.326,
5.22,2.355,-3.351,
5.23,2.36,-3.375,
5.24,2.365,-3.4,
5.25,2.369,-3.424,
5.26,2.374,-3.449,
5.27,2.378,-3.472,
5.28,2.383,-3.496,
5.29,2.387,-3.52,
5.3,2.391,-3.543,
5.31,2.395,-3.566,
5.32,2.399,-3.589,
5.33,2.403,-3.612,
5.34,2.407,-3.634,
5.35,2.411,-3.656,
5.36,2.415,-3.678,
5.37,2.418,-3.7,
5.38,2.422,-3.722,
5.39,2.425,-3.743,
5.4,2.429,-3.764,
5.41,2.432,-3.785,
5.42,2.435,-3.805,
5.43,2.439,-3.825,
5.44,2.442,-3.845,
5.45,2.445,-3.865,
5.46,2.447,-3.884,
5.47,2.45,-3.903,
5.48,2.453,-3.922,
5.49,2.455,-3.94,
5.5,2.458,-3.958,
5.51,2.46,-3.975,
5.52,2.462,-3.993,
5.53,2.465,-4.009,
5.54,2.467,-4.026,
5.55,2.469,-4.042,
5.56,2.471,-4.057,
5.57,2.472,-4.072,
5.58,2.474,-4.086,
5.59,2.476,-4.1,
5.6,2.477,-4.114,
5.61,2.478,-4.126,
5.62,2.48,-4.139,
5.63,2.481,-4.151,
5.64,2.482,-4.162,
5.65,2.483,-4.172,
5.66,2.484,-4.182,
5.67,2.485,-4.192,
5.68,2.486,-4.2,
5.69,2.487,-4.208,
5.7,2.487,-4.216,
5.71,2.488,-4.222,
5.72,2.488,-4.228,
5.73,2.489,-4.234,
5.74,2.489,-4.238,
5.75,2.49,-4.242,
5.76,2.49,-4.246,
5.77,2.49,-4.248,

